‚ 770777777771777. 47
77777777777 777777777,& 77777777,& 7777777777777777
3 777777 7777777777 7777 77177777 7777777777. 777777 7777
7777777777 77 77777 [7777777777777777.
7777 77777 777777 7777777677 777777 7777777777, (anf
7777 77 7777777777 77 7777777777 7777771 ad 7777777777 777777
7777777777 777 7777777777, 7777 777 77 7777 7777777777 777
77777777777777777777777 7777777777 77777777777777
777777777777777 7777 7777777777 7777777777, 77777777 7-777
7777 77777777 7777 1777777 7777777 7777 777777777.

ΒΕ 777777 (37777777.

Vo c 7777 R 777 77777777 7777777777 77777 777 7777· 777 777777,
7777777777 7777777777, 777177 7777777777, 7770777777ζὲξξὲὂ·
Bont 7777777777,Ρ77 (7 T77777'7Chophchina.

N As c 1 77 n 777777777777777777 7777777777 regw-ffimffl,
7777777777 7777777 777777 77 7777777, 777777777g77777,

7777 777T777770 77777777
¹ 7777777777 77777777777777777sfi1777777777777busd5c7·
7777777, [7777777777 777 ,7777777777777777
7777777777 7777777777777g777 7777777 7777777 77777μ77 77771775 77 777-
77777777777777777777777777777777777777777777777777777
7777777777777777777777777777777‚g7777777'777777777
Ἰ 77777777777777777777777»777777777777777777777777·
ῑ 77777777. ’ 2
Ρ 7 ’7 R .¹ M v 777 777777777777777777777777707777. 77777777
ἰ 77777777777777777777777777 7777777777777777777777777
. 777 77777777777777777777 7777777777 7777777777 7777
³ 77 777 7777777 7777777777· piscifflfflescamur, n 77 17-7
7777777 777777777777777777. 77777 7777777770 777-
77 7777777777777777777777 7777 777777777777777777
7777777777 77, 7777777777777777,7777777777777777777
777 77777777'777777777777777777'777 7777777777 77777777
777777777777777777777777777777777777777777-
7777

 

